OffsetMC12cal.Description:        MC-based jet pileup correction for prelim 2012 calibs


OffsetMC12cal.AbsEtaBins:         		0 0.3 0.8 1.2 2.1 2.8 3.2 3.6 4.5

OffsetMC12cal.Slope.AntiKt4TopoEM:      0.216289 0.241848 0.244787 0.23094 0.261404 0.301243 0.183611 0.301427
OffsetMC12cal.Intercept.AntiKt4TopoEM: 0.0194215 0.0364503 0.0107414 0.0189525 -0.0422364 -0.12027 -0.0912234 -0.164365

OffsetMC12cal.Slope.AntiKt4LCTopo:       0.34467 0.399156 0.401069 0.399164 0.391205 0.450053 0.315449 0.368526
OffsetMC12cal.Intercept.AntiKt4LCTopo:  0.0348857 0.0430063 0.0231302 0.0310753 -0.0638784 -0.191635 -0.104877 -0.202731

OffsetMC12cal.Slope.AntiKt6TopoEM:       0.494642 0.495995 0.481356 0.449675 0.450873 0.416446 0.287526 0.439007
OffsetMC12cal.Intercept.AntiKt6TopoEM:  0.0902837 0.0753871 0.0729224 0.0513447 -0.00790011 -0.150465 -0.0966824 -0.142357

OffsetMC12cal.Slope.AntiKt6LCTopo:        0.825339 0.834522 0.808607 0.83116 0.77137 0.672192 0.500413 0.578722
OffsetMC12cal.Intercept.AntiKt6LCTopo:   0.140464 0.154129 0.0883784 0.102075 -0.0162782 -0.235413 -0.0834923 -0.210456
