OffsetMC12anow.Description:        MC-based jet pileup correction for first-stage 2012 calibs
OffsetMC12anowAFII.Description:        MC-based jet pileup correction for first-stage 2012 calibs


OffsetMC12anow.AbsEtaBins:         		0 0.3 0.8 1.2 2.1 2.8 3.2 3.6 4.5
OffsetMC12anowAFII.AbsEtaBins:         		0 0.3 0.8 1.2 2.1 2.8 3.2 3.6 4.5

OffsetMC12anow.Slope.AntiKt4TopoEM: 0.211451 0.231822 0.248422 0.259879 0.285933 0.36174 0.263837 0.405487
OffsetMC12anow.Intercept.AntiKt4TopoEM: 0.0118654 0.0165308 4.17546e-05 -0.0119595 -0.0693373 -0.146459 -0.126342 -0.198013 
OffsetMC12anow.Slope.AntiKt4LCTopo: 0.313321 0.327308 0.352344 0.383841 0.404362 0.489076 0.364918 0.45944 
OffsetMC12anow.Intercept.AntiKt4LCTopo: 0.0163627 0.0069324 -0.00759389 -0.0232983 -0.0977803 -0.221261 -0.183088 -0.243732


OffsetMC12anow.Slope.AntiKt6TopoEM: 0.476743 0.488557 0.490458 0.499545 0.499635 0.522736 0.409416 0.615515 
OffsetMC12anow.Intercept.AntiKt6TopoEM: 0.0692776 0.0611148 0.0491018 0.0324279 -0.0523405 -0.159728 -0.143929 -0.236909 
OffsetMC12anow.Slope.AntiKt6LCTopo: 0.697041 0.692746 0.719634 0.777115 0.748238 0.700479 0.563283 0.726255 
OffsetMC12anow.Intercept.AntiKt6LCTopo: 0.076036 0.0630823 0.0384299 0.02956 -0.0876211 -0.241141 -0.224185 -0.32894

OffsetMC12anow.Slope.AntiKt5LCTopo: 0.491041 0.504193 0.529958 0.569775 0.564211 0.593859 0.448209 0.588395
OffsetMC12anow.Intercept.AntiKt5LCTopo: 0.03572 0.0347875 0.0108338 0.00215925 -0.0917947 -0.230992 -0.206923 -0.280373

OffsetMC12anow.Slope.AntiKt7LCTopo: 0.889313 0.908814 0.9259 0.999301 0.914714 0.77206 0.613044 0.775125
OffsetMC12anow.Intercept.AntiKt7LCTopo: 0.125732 0.105634 0.0740335 0.0486015 -0.0796689 -0.222088 -0.197283 -0.31157

OffsetMC12anowAFII.Slope.AntiKt4TopoEM: 0.225846 0.230948 0.242994 0.246408 0.295293 0.348773 0.271069 0.374575
OffsetMC12anowAFII.Intercept.AntiKt4TopoEM: 0.0204446 0.0210769 0.0121569 -0.00570775 -0.0852302 -0.149911 -0.124235 -0.178778
OffsetMC12anowAFII.Slope.AntiKt4LCTopo: 0.37307 0.380609 0.406376 0.414776 0.435459 0.520481 0.390396 0.453629
OffsetMC12anowAFII.Intercept.AntiKt4LCTopo: 0.0207875 0.028767 0.0130051 -0.00427858 -0.10967 -0.240617 -0.192115 -0.234853


OffsetMC12anowAFII.Slope.AntiKt6TopoEM: 0.499291 0.505409 0.514228 0.494484 0.495917 0.506809 0.409524 0.552897
OffsetMC12anowAFII.Intercept.AntiKt6TopoEM: 0.0843259 0.0562145 0.0542245 0.0300008 -0.0617367 -0.172251 -0.153571 -0.23986
OffsetMC12anowAFII.Slope.AntiKt6LCTopo: 0.846983 0.8568 0.857195 0.891879 0.834445 0.789799 0.649283 0.706615
OffsetMC12anowAFII.Intercept.AntiKt6LCTopo: 0.133192 0.102017 0.0811402 0.0619777 -0.0797073 -0.285375 -0.267576 -0.324002
