OffsetMC12anow.Description:        MC-based jet pileup correction for first-stage 2012 calibs


OffsetMC12anow.AbsEtaBins:         		0 0.3 0.8 1.2 2.1 2.8 3.2 3.6 4.5

OffsetMC12anow.Slope.AntiKt4TopoEM: 0.212328 0.231854 0.246731 0.258955 0.283926 0.362587 0.265261 0.399473 
OffsetMC12anow.Intercept.AntiKt4TopoEM: 0.013456 0.0177381 0.00123108 -0.0115342 -0.0684009 -0.148722 -0.124227 -0.194067 
OffsetMC12anow.Slope.AntiKt4LCTopo: 0.313208 0.32549 0.350151 0.381603 0.400574 0.484698 0.361491 0.450154 
OffsetMC12anow.Intercept.AntiKt4LCTopo: 0.0184504 0.00808596 -0.00525696 -0.0224823 -0.0961101 -0.223125 -0.176123 -0.240408


OffsetMC12anow.Slope.AntiKt6TopoEM: 0.475169 0.486917 0.485588 0.496749 0.494611 0.518644 0.405057 0.611323 
OffsetMC12anow.Intercept.AntiKt6TopoEM: 0.0724081 0.0612315 0.0511302 0.0335994 -0.0501888 -0.162551 -0.138163 -0.233618 
OffsetMC12anow.Slope.AntiKt6LCTopo: 0.690515 0.685074 0.710323 0.770768 0.73847 0.693106 0.557526 0.720582 
OffsetMC12anow.Intercept.AntiKt6LCTopo: 0.077192 0.0641063 0.041231 0.0314897 -0.0850192 -0.242398 -0.21555 -0.329134

OffsetMC12anow.Slope.AntiKt5LCTopo: 0.491041 0.504193 0.529958 0.569775 0.564211 0.593859 0.448209 0.588395
OffsetMC12anow.Intercept.AntiKt5LCTopo: 0.03572 0.0347875 0.0108338 0.00215925 -0.0917947 -0.230992 -0.206923 -0.280373

OffsetMC12anow.Slope.AntiKt7LCTopo: 0.889313 0.908814 0.9259 0.999301 0.914714 0.77206 0.613044 0.775125
OffsetMC12anow.Intercept.AntiKt7LCTopo: 0.125732 0.105634 0.0740335 0.0486015 -0.0796689 -0.222088 -0.197283 -0.31157
